Started: 2021-05-08T21:57:21.316342
Finished: 2021-05-08T21:57:21.316342
Started: 2021-05-08T21:58:28.328216
Finished: 2021-05-09T01:57:46.135438
