Started: 2021-05-08T21:57:21.316342
Finished: 2021-05-08T21:57:21.316342
